-----------------------------------------------
0.215062653857338
0.011061338932118754
0.002518544600233465
0.002244052695770947
1.1598e-14
1.289411e-12
0.0
0.003902855432286845
0.007874948533370204
0.7447564032914659
0.002835716004897989
0.0
0.2755658142649852
0.0
0.009385088649291547
0.003214293285102949
0.003416262612364301
0.018376119445028614
0.004153338126398045
0.1514717025635328
2e-18
0.18065477001619762
1.995e-15
0.004141577756383043
2.143820763143e-06
0.002685631152143163
0.00578810806327362
0.0
0.0
0.003212222085869097
4.29e-16
0.015219103718099952
0.005337794395097893
0.012012249268696824
0.005591776898693601
0.0
0.005451205742026494
0.0090479498678314
0.006276958010855709
0.002424553863075125
0.06765144137378754
0.164044432916952
1.936e-14
0.0
0.002549020412102354
0.0
0.06797578429559116
0.027101644833427346
0.054394865216083464
5.76e-16
0.004036052324704291
0.08660784846812637
0.005509295483186205
0.003964864313023553
0.005440421348171367
0.003219431700485247
0.004899124429879094
0.0260845053582224
0.002654244802875697
0.02084147035343305
0.006631348702566861
0.001534933449998432
0.0
0.04553366531896677
5e-17
0.0
3e-18
0.005745228069899497
0.000198482495073692
0.0
4e-16
0.11022487969844713
0.0
0.0
0.007298494643782511
0.4282090102996369
0.003270653755707677
0.002338733686434346
0.01093938558078485
0.0
0.003063786271219242
0.45938547298812143
0.001791056278656763
0.0
0.11366914082801102
4.607e-15
0.1196506895408312
0.08897659588710685
0.003722851766438396
0.007826345980059242
0.01622006431828337
0.0
0.23418869290740466
0.006167058836971849
0.15967580800245562
0.30052161374629605
0.003286646190894779
0.004175148689003426
1.37e-16
0.003908241872871275
0.002404899013310495
0.020000000000000476
0.44189721783428865
0.02742469545808018
4.613e-15
0.004121247379046126
0.1499209681370938
0.004136760487697119
0.004483748448816475
0.007450732465021728
0.26180448660055633
0.004529899200772924
0.0
0.009642916508296635
0.014235729969046436
0.14455329148509544
0.0
0.02039447143404232
5.2572177842e-08
0.003556035935054345
0.0
0.001946567924031535
0.010000000000028644
0.004111896185202916
0.001388104156066745
0.0
0.005955511293262668
0.006357299736406251
0.1291989904312768
0.004488763567984351
0.002275780956870571
0.23054107928758663
9.97e-16
6e-18
0.004035010406040021
0.002341366743112054
0.003400794344464193
0.5995299702377984
0.020771637054037912
0.0
0.13000417832247088
0.008587804941633682
2.69510023761e-07
0.005395860060783826
0.003751656631958074
0.00646668004177522
0.006886126465904158
0.004679968698438468
0.15418545442343212
3.8e-17
0.00484316308047288
0.0
0.10373047763115675
0.00020618294165128
0.004305524242117065
0.002709588589106173
0.1521571009010652
0.006754480080335552
0.1774300078376085
0.00576689052712283
0.0
0.003494985375925248
0.00944558365449556
0.5236171640665785
0.0
0.002094863955260986
0.012559750384885117
0.2778417383909023
6e-18
0.004723175698126777
5.16468201e-10
0.0
0.005936935775311306
0.012430307774870766
0.004970991526159556
0.002814489799708879
0.000727380197014947
0.007229387638505514
0.10998304909339263
0.009711414614149785
0.008479130380301509
0.003206485216258075
0.003741043492932984
0.5395378683986102
0.002289416139054154
0.00693453231940289
0.18107656754523238
0.008167809082926901
0.0
0.002364238069592827
0.29053659039723506
0.009022709065243323
0.21572188313682428
0.0
0.008111147285011592
0.007477400978877074
0.0
0.002595752097828756
0.5360185987526386
0.003500724485423358
0.007145284277347441
0.9447128743651703
0.000432962858429307
0.003496514219161621
0.014725483521459226
0.0
0.004807167612303336
0.004415931663192708
0.18957585720156583
0.003189360031999495
0.004194887868244513
0.008247743604374178
0.004505995738121494
3.09817937031e-06
0.0051760402385304
0.003725953705114126
0.012656853172827665
0.057
0.015794213439857912
0.14221681434339173
0.004769979610883937
0.003051133149147629
0.8937053201141298
0.00837417003685631
0.13190621121310095
0.003227192477187279
0.25772582799123395
0.2074482795550842
0.005644013087007916
0.002114425017158026
2.6462238292437e-05
1.9744522857679845
0.010000000000000115
0.009309843441127622
0.007284189022564954
0.008137429667851704
0.007405664151126027
0.004623434143277184
0.001156431944781945
0.006580358864770034
5e-18
0.1786895301983443
0.2161027578597276
0.0
0.007732375947273184
0.007118159660788232
0.000357905883714719
0.2129507915761778
0.004366734634200463
0.00920821964956784
0.006300870845718576
0.005147295634450721
0.005943288417704418
0.004234602868173946
0.005593914784749048
0.009581591780589658
0.003500371403443636
0.00244983997422945
0.011980548479997135
0.002479361943284264
0.001050105873136726
0.00768726708974843
0.005302978784419058
0.009309113476630148
0.712763469260568
0.004205845538544043
0.004381583427913092
0.002824625629180705
1.44e-16
0.16903999873021722
0.003972390917496281
0.0
0.006638005707220195
0.003914818866229989
0.13304098666976605
7.1219718219e-08
0.01651201801213732
0.0
2.1929915e-11
0.0
0.2239239694644342
0.002615366431437534
6.732144544e-08
0.0
0.005608398596203562
0.003493505084488856
0.001874769168455189
0.003628893808062977
0.007012305216293024
0.0
0.002537005885328461
0.005634459213985954
0.0
0.016780453337300074
9.8e-17
0.012938224619916868
6.6e-17
0.609880731612783
0.010678463110160455
0.002901518097617671
0.001540024969562916
0.006022651638933576
0.003573411368996493
0.2800187790189067
0.0
0.005637469400166454
0.003573156769005439
0.007574439133620014
0.0
0.002109007617434276
0.002638936030200276
0.21117745633578208
0.39131731556960986
0.001000223759335251
0.000726468178929517
5.5e-17
0.005141918640042014
0.3622553824498623
0.000167739029420037
0.05000000000000116
0.012452963797430943
0.006604852036004478
2.6034947092258e-05
0.01139123046240738
2.318e-15
0.029533556421302298
0.016312350842199952
0.006357573317271846
0.012337601988021238
0.001921933208871342
0.004630268482086864
9.1e-17
0.01329850838960009
0.00386820255748793
0.002228526315832095
0.009229911804267054
0.22860245452358352
0.018552941407821717
0.016409824517660297
0.0082273859198166
0.002329079247267812
0.0
0.003072683521094401
0.02985
0.007566424557268157
0.001065736190669822
0.002347303138169734
0.005708290297471863
0.005893100930219725
0.154243419426963
0.007124253792650957
0.1119982834052109
0.00902562362645838
0.004864735845019314
0.0
9.7820521e-11
6e-18
0.008177657523416256
0.003992060311532422
0.00509244506234802
0.002707265044142107
0.2577893599686228
0.0
1.77e-16
0.004023937113809334
0.00660333584666106
0.007296302946653785
2.2e-17
2.1696e-14
0.003674692494117358
0.003123575463826031
0.005737013989507444
0.0
0.0
0.004244669610574343
0.001220031186704388
0.003547818254542938
0.0
0.002943571345433335
0.004194695293119132
0.34150603524518985
0.004432500722719316
0.000850427433808599
0.011948271730414276
0.14522994160050842
0.009636200033997675
0.008156630318940905
0.00188152460908528
0.003078089737054501
6e-17
0.0
0.01587909446403867
0.21106413246861708
0.001381350037374127
0.01567750707289237
0.007616478372422074
0.003720195789481424
0.4161975193739247
0.00859663491953941
0.005860234778998626
0.005919944023272209
0.5708679254923487
0.003079462133391772
0.006940846005243581
0.00986370589267097
9.0518e-14
0.0
0.22408126324115282
0.001385917764015132
0.007600811146672939
0.0
0.003646564853463751
0.2521744729512208
0.014934080594192082
0.0
0.005700540035079724
0.0
0.002312555121189056
0.008014588175577904
0.001776980580191405
0.002409972141189418
0.002521197389819852
0.003706960387432682
0.006386864942707278
0.006366564408217904
6.725141502e-09
0.004008710427825769
0.006653069377352478
0.002625408571762059
0.3570677432736454
0.005531028647466572
0.006093028329141144
0.003460859811234387
0.004676597481934852
0.002514129303113775
0.00709574779413308
0.5949157553721143
0.00862177330695996
0.008652375212902543
0.019651675600624877
3.14768256672e-07
0.1756615410316995
0.005549656519710965
0.2707416110325714
0.7962408684198203
0.00804536186531329
0.006450313228243925
0.002429581923763779
1.2526e-14
0.00318356641468036
0.003202391970013712
0.002226184296889517
0.013793026616100356
0.002428642904115644
0.19425344642823572
0.004671405144195058
0.004896598837225952
0.011826697166418354
0.04152021003934986
0.004446175445348783
0.002557572180009969
0.003568468920795559
0.03768728976338499
2.828176214e-07
0.002158714417878185
0.0
0.006342455648492673
0.002648968710980715
0.0
0.003826210884309999
0.004413537973433333
0.011561415377268692
0.003901023757470871
0.5920330778272889
0.005190003146976114
0.00718769162257172
0.006839660654445419
0.006498421304943316
0.006443038262838958
0.005809785267894653
0.002876480411406188
0.00963801472727178
0.009216923358411141
0.006058920735742161
0.002702818491214363
0.005536117097333502
8e-18
0.00472627907862204
0.144437933848027
0.16397864811207494
0.39913099037454053
0.003590943458190681
3.194756242e-09
0.02032034822833348
0.003131088088271832
0.002830570876945337
0.017377954233939907
0.006173102289346348
1.349056e-11
0.001318151748184128
0.000292939548418463
0.2822294902003342
0.003700023925640463
5.8e-17
0.005658078698091097
0.007119243926130846
4e-18
0.20226797382537676
0.0098731242630693
0.006360807027628333
0.011452823066258343
0.00934511390368169
0.019425271411119025
0.00803409240737398
0.00887407449190189
0.008859897083730616
0.007052714616779624
0.00288602954638214
0.005175899334883523
0.00991578279235622
1.689e-15
0.003291708443220767
0.005935311805590359
5.7e-17
0.006958348200199669
0.007533046589662182
0.27826148613568497
0.003033609433830632
3.42e-16
1.11e-16
0.009290574570306688
0.0
0.004369288364115999
7.1e-17
0.005948546891682932
0.41029594803789937
0.001843205767354891
0.08524190462776456
4.15e-16
0.005679427244415855
2.77e-16
0.005002364640972264
0.0
0.012642797643003746
1.35e-16
0.004567702101465257
0.01015707964998442
0.3002734099539976
0.00833783896463198
0.32350782159917874
0.008285520411858031
0.003508682121166062
2.131e-15
0.006684942678016525
0.013571544684064362
0.2992645019441851
0.00697272802980577
0.000203739619361444
3e-18
1.0000000001511e-05
0.008743882119088315
0.0
0.3435788831854096
0.006519105092462355
0.27816629695854206
0.014597199296279038
0.009399624143764088
0.003107056730038251
0.004140938395915174
0.011643006183281571
0.006334877106743993
0.0
0.012551779825307209
2.24e-16
0.0
0.01427901867919263
0.0
0.006410629731274796
0.039673700354076226
0.44064679130826995
0.0254396226985112
0.006240465849742306
0.004644233808436813
8.1e-17
0.007513075290254339
0.3296930649889657
0.004955281931427577
0.2001045803146559
0.24153720410740925
0.004107833747646366
0.01245023775936162
0.003866812504624768
0.0
0.008382120159163831
0.013252932041905283
3e-18
0.004573091966373958
0.029800649446996244
0.00051796844490529
0.0
0.004314930089143474
0.3190063861301897
0.005541454662017149
0.2224701584860485
0.002520647757333774
0.05
0.023329797112288345
0.0072387150130579
0.004851060084661597
0.6188656717648852
0.00823509313074013
0.04165675287487775
0.011471601461400263
0.2887534081448324
0.17704676816599904
0.00384925975096586
0.40834973514518225
0.004148435816787208
0.009149020055942484
0.009922179584125425
0.15383709645503776
0.005845950149076499
0.11553437548928021
0.0058798661366836
0.009788734655626572
0.007035261692633619
0.017938722339974775
0.003129012321538984
0.001833959019252548
0.008470682809149907
0.3012681321737505
0.003510885501218388
0.003119995127051477
0.001387704821872175
6.654e-15
6.9e-17
0.043629595213431537
0.007511914464655411
0.007745275576806144
0.009030767933857878
0.015270598528437264
0.002413073800774991
0.045143099819487255
1.2e-16
0.001913886006860238
0.010121688435455243
0.003306505705039784
0.17348058592938867
0.5185249639074508
0.003244969068075546
0.006388702960851368
0.013871490199421552
0.013777036036164913
0.021021105996966785
0.007878130456750591
0.0
0.002792777636452744
0.004623787977495226
0.007632353134485362
0.002916430566936598
0.003600587331357285
0.004583043279056081
1.1284e-14
0.014319380826122212
0.0
2.32131e-13
0.008219433273161233
0.00515195140888139
0.002338819925296816
0.2590261280494657
0.003948828298409748
0.007025238875994333
0.2806713992042851
0.005599636801164552
1.43e-16
0.2483663876848256
0.000878056006690527
0.014248625278345393
0.018082686256685476
0.004312321073916177
0.002529341753292075
0.00912128122285951
7.0976e-14
0.008894059527504364
0.009061141329781348
0.005126673022927116
2.648e-15
0.0
0.00429575757357649
0.002480582944335658
0.011579385439237084
1.427e-15
0.00724201411390632
0.004269584154818558
0.11350287223174402
0.036012237965477575
0.15534530686809817
0.014820656274094193
0.12355753239465392
0.014068129600928528
0.03405200862565398
0.002552836869262648
0.31024254628663267
0.015999531026451828
0.00218797779382386
0.015111555109500551
0.33835072235123487
0.002149599784704106
0.028559084918764768
0.004817301371034207
5.7e-17
0.002754458816648712
0.5203171487595062
0.0
0.0665034594872941
4.831e-15
0.0
5.0105873143734e-05
2.362e-15
0.003025037889744712
0.0
0.011282364309345804
0.014170636739029668
0.003705528433049607
0.00389350231784756
0.00494586612531958
0.16009847184979548
0.25002136158371546
0.006602709288456362
0.32152930058288615
0.008743188144613837
0.020018367307117115
2.224e-15
0.009969415373766223
0.009114651322861328
0.008537484979078303
0.3643837727117257
0.005677024062779861
6.8e-17
0.010695470628882176
6.07e-16
0.003243876892212568
1.6339859161084e-05
0.007482121357631788
4.1e-17
0.0316902479529296
0.0
0.05000000000000004
0.035377308628037535
0.00473715026622801
0.010129482185731231
0.0
0.021546280796250927
0.011612516419960556
2.93e-16
2.82e-16
0.00198064017909746
0.12354405349250577
0.21493909137121733
0.009950248756223625
0.0
0.001860072534306706
0.3749322553167044
0.004666367820991894
0.00373231210621722
0.00128087572559407
0.008059158593739114
3.29e-15
0.03130322235375561
0.05126510933370427
0.003815308211236951
0.014221890481297359
0.003546734015625024
2.667e-15
0.004830406437368401
0.012768255314303449
0.008327075800935725
0.004538297854316955
0.017883462383751932
0.006034657265779762
0.01995818376479674
0.004873945882167256
0.390905659081636
0.004038911215683217
0.00288601371706217
0.001269987489752168
0.01557355104259266
0.25675143548331125
0.001513765141544336
2e-18
2.84192567106e-07
0.0
0.16644801807408807
3.323e-15
0.008385433807044186
0.011040213700110916
0.1960165801486224
0.09911153456709389
1.53863e-13
0.0
0.00566023096219477
0.011321511753438387
0.0
0.002983511873951817
0.13483737368537707
0.0
0.2184019037695936
0.010120677735160804
0.049463763352905185
0.1
0.2075357112258147
3.1336e-14
4.57e-16
0.00717055091666457
0.014553516372234171
0.017634033350260907
0.004771640358281284
0.005711655505921294
0.005691841754307215
0.31785489678481516
0.003443938597683833
0.003701323296338757
0.324317581527794
0.0
0.19628571375876597
0.005646672321316158
0.004592643579289134
0.20380567933773777
0.24559284512077545
0.009528044108868232
0.007458276975927333
0.03753159867145664
0.00287931795759939
0.005184902677275626
0.002882686004608005
0.017587920777401463
0.002851072066179777
7.3e-17
0.006327865984717927
0.1860510058941699
0.001720323395629255
0.1683074802723576
0.0
0.052376980280000915
0.02194566581270872
0.012562198789649223
0.014466331873077965
0.007759748992454685
0.003661005757838606
0.006394600107983768
0.013956663596706036
0.005286936396856313
6.1660671e-11
1.0184e-14
0.003276917605518198
0.008196437217231284
0.5004239818935542
0.3103632276017626
0.0039463474040045
0.005897382822495
0.04208119170364246
0.001512011931043365
0.41471761494848103
0.007764781247879619
0.013991670803478863
0.31285549337104956
0.22535995094826156
1.653171317104459
0.01151820269602567
0.007197470446935228
8.35535807618e-07
0.010827306400862415
0.22686229188833612
0.003646756984311045
0.006707585842612572
0.004847723968111327
0.002060674562954205
0.1443379148385754
0.000541439891001198
0.00652236523113594
0.032109200672305646
2.35e-16
0.01000000000000224
0.029506385217801696
4.6e-17
0.0
0.30054428046124143
0.003917090463685504
0.22463054316702505
0.008892569650289268
0.005337099165761852
0.01411294858556975
0.0
0.003675754596469694
0.001778624204439614
2.1484554462097645
0.001865102557446312
8.058365069874e-06
1e-18
0.001935176399654178
0.011057140218661363
0.010222655769290788
0.021404584050617338
2.7148e-14
0.11368346969283356
0.030592463966250743
0.1924995017652974
0.00762731928624933
-----------------------------------------------
