0.215062653857338
0.010848894500787989
0.002518544600233465
0.002244052695770947
1.1598e-14
1.289411e-12
0.0
0.003881374106361447
0.007803129665706587
0.7447564032914659
0.002835716004897989
0.0
0.2755658142649852
0.0
0.009290164817749053
0.003214293285102949
0.003235204000633362
0.018197759771426306
0.004093791543438574
0.20327488345000738
2e-18
0.18065477001619762
1.995e-15
0.004141577756383043
2.143820763143e-06
0.002565633671955574
0.00573891748012283
0.0
0.0
0.003212222085869097
4.29e-16
0.014725332078722774
0.005284056720910393
0.011509338144256353
0.005348623106451401
0.0
0.005451205742026494
0.008762747650935774
0.006276958010855709
0.002424553863075125
0.06616280647918446
0.164044432916952
1.936e-14
0.0
0.002549020412102354
0.0
0.06797578429559116
0.027101644833427346
0.05439320966956651
5.76e-16
0.004036052324704291
0.08660136924426676
0.005509295483186205
0.003964864313023553
0.005440421348171367
0.003189040571289333
0.004899124429879094
0.0260845053582224
0.002654244802875697
0.02084147035343305
0.00540672529346184
0.001022812999931065
0.0
0.039015309641529126
5e-17
0.0
3e-18
0.005745228069899497
0.000198482495073692
0.0
4e-16
0.11022487969844713
0.0
0.0
0.006411257521836503
0.4282090102996369
0.003270653755707677
0.002338733686434346
0.010152201283268629
0.0
0.003025108022917888
0.4589831300274462
0.001791056278656763
0.0
0.11366914082801102
4.607e-15
0.11958866577182868
0.08893595538626875
0.003722851766438396
0.006354115216654272
0.01622006431828337
0.0
0.23418869290740466
0.006096149214938884
0.15967580800245562
0.30052161374629605
0.003286646190894779
0.004175148689003426
1.37e-16
0.003908241872871275
0.002404899013310495
0.020000000000000476
0.44189721783428865
6.197e-15
4.613e-15
0.004121247379046126
0.1499209681370938
0.003949380891515203
0.00447756886680645
0.00739429818361751
0.2617656799949763
0.004466291960456646
0.0
0.009516853780144547
0.01340166481085534
0.14455329148509544
0.0
0.02039447143404232
5.2572177842e-08
0.003556035935054345
0.0
0.001946567924031535
0.010000000000028644
0.004111896185202916
0.001388104156066745
0.0
0.005955511293262668
0.005887724404822875
0.1291989904312768
0.004488763567984351
0.002275780956870571
0.23054107928758663
9.97e-16
6e-18
0.004035010406040021
0.002341366743112054
0.00271919440154184
0.5995299702377984
0.020771637054037912
0.0
0.12995576638831483
0.00817421871931984
2.69510023761e-07
0.005280779462484302
0.003536284031642638
0.006357070902642013
0.00679659028059413
0.004641507405386459
0.15418545442343212
3.8e-17
0.004607375001996521
0.0
0.10373047763115675
0.000202979283689239
0.004305524242117065
0.002709588589106173
0.15140967565009109
0.006754480080335552
0.17741926157809018
0.005236977174487632
0.0
0.003494985375925248
0.00944558365449556
0.5236171640665785
0.0
0.002094863955260986
0.012316694461793449
0.2778417383909023
6e-18
0.004456214067491077
5.16468201e-10
0.0
0.0
0.006284139778157665
0.003276066475777672
0.002778114327784775
0.000714835460540938
0.007158310233674933
0.10998304909339263
0.006775828815989533
0.008479130380301509
0.003206485216258075
0.003741043492932984
0.5395378683986102
0.002189257106007764
0.00495547220466132
0.18107656754523238
0.007949792816978532
0.0
0.002256856626331565
0.27817741243317606
0.008239872740939985
0.21572188313682428
0.0
0.008111147285011592
0.007393106736386667
0.0
0.002595752097828756
0.5360185987526386
0.004285718374218435
0.006599933098661955
0.9447128743651703
0.00041447298108098
0.003496514219161621
0.014614743425890272
0.0
0.00463306172855419
0.004346255746529641
0.18957585720156583
0.003119057747881674
0.004194887868244513
0.00801936772230639
0.004405665518747507
3.09817937031e-06
0.005143457988390944
0.003609757330041937
0.019806273034960922
0.057
2.380948219003e-06
0.14221681434339173
0.004769979610883937
0.003051133149147629
0.8937053201141298
0.008331363528563167
0.13190621121310095
0.003227192477187279
0.25772582799123395
0.2074482795550842
0.00537225002276922
0.002114425017158026
2.6462238292437e-05
1.9744522857679845
0.010000000000000115
0.008950019836193228
0.004145861378690349
0.008016598431671351
0.0
0.004234211015832671
0.001149897636170647
0.006580358864770034
5e-18
0.17863431265364052
0.2161027578597276
0.0
0.007409533023623952
0.007049026358159835
0.000357905883714719
0.2129507915761778
0.004366734634200463
0.005320767784256373
0.005913617948370864
0.005076899520811558
0.005839016597728461
0.004234602868173946
0.005439999552397221
0.004984737564707466
0.003247222124219305
0.002378462654794954
0.011980548479997135
0.002412125177707064
0.001050105873136726
0.005680677792329288
0.005197199112987909
0.008774777508603566
0.7124415634644852
0.004477347284792394
0.004381583427913092
0.002824625629180705
1.44e-16
0.16888219246190972
0.003972390917496281
0.0
0.006142179124898894
0.003689526892785028
0.13304098666976605
7.1219718219e-08
0.01651201801213732
0.0
2.1929915e-11
0.0
0.2239239694644342
0.002591563590932007
6.732144544e-08
0.0
0.005608398596203562
0.003361974521455377
0.001874769168455189
0.003628893808062977
0.004161739443252082
0.0
0.002537005885328461
0.005214279491756327
0.0
0.016326262182349907
9.8e-17
0.012938224619916868
6.6e-17
0.609880731612783
0.004986033470058789
0.002901518097617671
0.001540024969562916
0.005830855118067211
0.003573411368996493
0.27999521486831125
0.0
0.001899678169166529
0.003573156769005439
0.004373829548485852
0.0
0.002109007617434276
0.00264055993103194
0.20982513453709228
0.39118081309499214
0.000832004866813889
4.6591663819423e-05
5.5e-17
0.003527790446669767
0.3622553824498623
0.000167739029420037
0.05000000000000116
0.005810048726000287
0.0
2.6034947092258e-05
0.010772598437804936
2.318e-15
0.025927989590739976
0.016312350842199952
0.005941757119789364
0.012048261110569145
0.001857793122405925
0.004471028412205478
9.1e-17
0.012717034079225613
0.003762580533438356
0.002228526315832095
0.009077564903496217
0.22860245452358352
0.017932085927791205
0.016409824517660297
0.00801726279989338
0.002329079247267812
0.0
0.003535608918230952
0.02985
0.006856827950933883
0.001065736190669822
0.002270686968665027
0.005708290297471863
0.002965576294913454
0.1536216704130134
0.007029141400928838
0.11198519326476278
0.008937225246962456
0.004821827578731468
0.0
9.7820521e-11
6e-18
0.00753132048411277
0.003992060311532422
0.005032206142263362
0.002707265044142107
0.2577893599686228
0.0
1.77e-16
0.003928879413935623
0.006092213649130598
0.007296302946653785
2.2e-17
2.1696e-14
0.003674692494117358
0.002333931392301986
0.005616996117937547
0.0
0.0
0.004244669610574343
0.001183368073180085
0.002785817829071015
0.0
0.002684800749317911
0.004194695293119132
0.34150603524518985
0.003910193110607649
0.000759438470873318
0.011370885192514495
0.14514706349236406
0.009392353016397084
0.008038757945017044
0.00188152460908528
0.002325394168565676
6e-17
0.0
0.01587909446403867
0.21106413246861708
0.001382149718590669
0.015267292535589522
0.007500214327070428
0.003720195789481424
0.4161975193739247
0.008305211121170695
0.005820906707263777
0.005665489417944102
0.5708679254923487
0.003079462133391772
0.006438288943361796
0.004917460450097793
9.0518e-14
0.0
0.2309666050295089
0.001385917764015132
0.007495667904998006
0.0
0.003646564853463751
0.2521744729512208
0.01447140331847842
0.0
0.005700540035079724
0.0
0.00211539567070098
9.1e-16
0.001728989501623469
0.002409972141189418
0.002521197389819852
0.003505751972013732
0.006352019285135953
0.006277944309848314
6.725141502e-09
0.002891840091409561
0.006170910097111993
0.002415844527936045
0.364265455278944
0.005531028647466572
0.006023712328620566
0.003460859811234387
0.004489957657762508
0.002335464423502945
0.006996516815134615
0.5949157553721143
0.008238892103370128
0.008425265225578252
0.019319276547218416
3.14768256672e-07
0.17523309668287998
0.005320000318499616
0.2707416110325714
0.7962408684198203
0.007519982692584762
0.006248930155139105
0.002429581923763779
1.2526e-14
0.00318356641468036
0.003146366990090397
0.002226184296889517
0.013608803871728862
0.000558422220398705
0.31042434487927345
0.004628588823636592
0.004919010268015685
0.011407330599956637
0.009640400784478743
0.004446217829798361
0.002557572180009969
0.003510637043160291
0.0
2.828176214e-07
0.002118335261157927
0.0
0.006342455648492673
0.002648968710980715
0.0
0.003826210884309999
0.004276936276846034
0.011214510686717215
0.003901023757470871
0.5920330778272889
0.005190003146976114
0.00718769162257172
0.006662185759088193
0.006051646940389861
0.00634859297715484
0.005754539642997229
0.002876480411406188
0.00897803050110084
0.009132314829580766
0.005917573981341035
0.002702818491214363
0.005324224573191517
8e-18
0.00472627907862204
0.144437933848027
0.16397864811207494
0.3791413570235059
0.003590943458190681
3.194756242e-09
0.02032034822833348
0.003066230346341824
0.002830570876945337
0.016960002362596312
0.006173102289346348
1.349056e-11
0.001148075888540199
0.000292939548418463
0.2822243823182606
0.003660429049132874
5.8e-17
0.005658078698091097
0.00682516819392586
4e-18
0.20226797382537676
0.009788889549318974
0.006269839989493819
0.011217232819969124
0.009251034510946063
0.01821905696343705
0.007882281896783661
0.008758257291251521
0.008589098718897908
0.007010835922923194
0.002808570231998155
0.004902491308552307
0.009556784137836881
1.689e-15
0.003000892163206253
0.005694191602674091
5.7e-17
0.006909261482716349
0.007206156955879022
0.27826148613568497
0.002957199984655191
3.42e-16
1.11e-16
0.00840911178756109
0.0
0.004328118007044947
7.1e-17
0.005819525862011003
0.3727458877777047
0.001843205767354891
0.08516461301564678
4.15e-16
0.005297071191644526
2.77e-16
0.004766200126249007
0.0
0.011527353981512356
1.35e-16
0.004467235646765866
0.009525971053869623
0.3002734099539976
0.00820819703332755
0.32350782159917874
0.00804272531995985
0.003508682121166062
2.131e-15
0.006684942678016525
0.013571544684064362
0.2992645019441851
0.006875394498878725
0.000203739619361444
3e-18
1.0000000001511e-05
0.008627207103562406
0.0
0.3435788831854096
0.006203349000688577
0.27675436127565367
0.014185876900399892
0.009183540191486522
0.003010674391257928
0.004102510985518637
0.011341069427965148
0.006226948538416002
0.0
0.012027359889426737
2.24e-16
0.0
0.01405346097611164
0.0
0.005989299589780634
0.038590317306645985
0.4405248040929783
0.0254396226985112
0.006109744404966854
0.004644233808436813
8.1e-17
0.006739407517639834
0.3296930649889657
0.004907297870817272
0.19957466360701243
0.2299254216631901
0.00404628734939499
0.011764456598943738
0.003866812504624768
0.0
0.008382120159163831
0.013252932041905283
3e-18
0.004273629770810206
0.029800649446996244
0.00051796844490529
0.0
0.004334613750951484
0.3161338459569404
0.004329275248048061
0.2224701584860485
0.002511904152501365
0.05
0.007538527164125011
0.006879191024485251
0.004851060084661597
0.6355165318709617
0.00823509313074013
0.04054674273889806
0.011172195352530131
0.20601705146610555
0.17702835911659384
0.0
0.40168834177011503
0.004111521604349985
0.008719832021526496
0.009651534785189668
0.1534466501825993
0.005647380889277679
0.11543099732513752
1.220279e-12
0.009629853654765165
0.008126272788256112
0.017938722339974775
0.003129012321538984
0.0
0.01474120209065118
0.3012681321737505
0.003436965714304011
0.003063093729789844
0.001387704821872175
6.654e-15
6.9e-17
0.19867096429300676
0.007316601473959817
0.007035942113738149
0.00717569377992149
0.015270598528437264
0.002413073800774991
0.035616567312460726
1.2e-16
0.001897505782910868
0.010121688435455243
0.003306505705039784
0.17348058592938867
0.5185249639074508
0.003244969068075546
0.006236237978223578
0.00532092967650706
0.013691912255829965
0.020447095749751943
0.006940052921416232
0.0
0.003048333946252305
0.004623787977495226
0.007453361505799556
0.002883083256205651
0.00356464923513324
0.004539779548745986
1.1284e-14
0.014648996092038817
0.0
2.32131e-13
0.008142726355083004
0.004568959012510411
4.2e-17
0.2590261280494657
0.003835182670765906
0.003160263785117169
0.22189549973773243
0.005599636801164552
1.43e-16
0.2481353186302952
0.000847559411261139
0.008763842669829311
0.01674241585011709
0.004312321073916177
0.002529846988558316
0.00888735995740174
7.0976e-14
0.008578631567429095
0.008526478090473513
0.005079376298397981
2.648e-15
0.0
0.004269821724096423
0.002480582944335658
0.0
1.427e-15
0.00718340762715809
0.004269584154818558
0.11350287223174402
0.019555454685699095
0.1552098367167947
0.014820656274094193
0.12113672724981016
0.011538808196749264
1.6445180737353e-05
0.002552836869262648
0.3104416566065201
0.015164432940059315
0.001868184904332171
0.015111555109500551
0.3336784027020732
0.001826899401304825
0.028559084918764768
0.0051693334674607
5.7e-17
0.002754458816648712
0.519840449418034
0.0
0.02185558374530209
4.831e-15
0.0
5.0105873143734e-05
2.362e-15
0.003025037889744712
0.0
0.011282364309345804
0.013925502835360476
0.003705528433049607
0.00389350231784756
0.004601399760172115
0.16006281258705155
0.24978930893229273
0.00538892712735572
0.32098812183230935
6.3456132609507e-05
0.01352564880028259
2.224e-15
0.007603772266754885
0.009114651322861328
0.007454438983730904
0.3643837727117257
0.005677024062779861
6.8e-17
0.011766626233511277
6.07e-16
0.003243876892212568
1.6339859161084e-05
0.007265395611138973
4.1e-17
0.029037765361984255
0.0
0.05000000000000004
0.025705434459050058
0.004706319073488634
0.010075796845482123
0.0
0.020314496173067704
0.01140714062672186
2.93e-16
2.82e-16
0.00198064017909746
0.12354405349250577
0.21493909137121733
0.009950248756223625
0.0
0.00147738503802457
0.3748025420651127
0.004549350427052428
0.003170184625792823
0.002264782901382377
0.007677555171414906
3.29e-15
0.02828138869197888
0.05126510933370427
0.00364749771035012
0.01391279237315294
0.003521920958929671
2.667e-15
0.004439716435755801
0.010502362093764131
0.00807163703352975
0.003797435667356323
0.016260156030695243
0.005930924383645202
0.01995818376479674
0.004811993069770051
0.390905659081636
0.004038911215683217
0.002751668788355134
0.001269987489752168
0.008434630632488163
0.25675143548331125
0.001435384808553794
2e-18
2.84192567106e-07
0.0
0.16644801807408807
3.323e-15
0.001951134132890251
0.010886853420882713
0.1960165801486224
0.09911153456709389
1.53863e-13
0.0
0.002257840609728866
0.01117384808910779
0.0
0.002528032504769885
0.13483737368537707
0.0
0.2184019037695936
0.010014224578114845
0.049463763352905185
0.1
0.2075357112258147
3.1336e-14
4.57e-16
0.006848083259045938
0.014047941137605713
0.014621833574654498
0.004771640358281284
0.005644481822585131
0.005222498524051974
0.3177334195096415
0.003448928296269794
0.003701323296338757
0.324317581527794
0.0
0.19813686397562286
0.005514921472526475
0.004477831508043277
0.20380567933773777
0.24559284512077545
0.009044685589748356
0.007365187584827101
0.03752793683986261
0.00287931795759939
0.005128773203320384
0.002691000090070339
0.017587920777401463
0.002851072066179777
7.3e-17
0.006327865984717927
0.1502286056944256
0.004337676172039585
0.1683074802723576
0.0
0.011471292697018836
0.016446719377868915
0.012266875790325612
0.009512012819636447
0.007504280813677754
0.003661005757838606
0.006394600107983768
0.013956663596706036
0.005286936396856313
6.1660671e-11
1.0184e-14
0.003276917605518198
0.008111072802991294
0.5004239818935542
0.3103632276017626
0.003475398977249936
0.005729853238681445
0.0425923258015259
0.001467534444317407
0.41425813635721614
0.005759731917211198
0.011980071496801588
0.3863583544701959
0.42473288229017114
1.6451495085927277
0.011330954493369887
0.00645165482194448
8.35535807618e-07
0.01035541759157102
0.22686229188833612
0.003665977313271864
0.007482245673026598
0.002159183656236483
0.002017822619145249
0.1443379148385754
0.000541439891001198
0.004978710694637266
0.00906727795247845
2.35e-16
0.01000000000000224
0.029014116102382616
4.6e-17
0.0
0.30054428046124143
0.003501330407931412
0.22463054316702505
0.007613228849753846
0.004838112619058127
0.013781706014775389
0.0
0.00313162713138713
0.001762908154947729
0.3329919539352576
0.001865102557446312
8.058365069874e-06
1e-18
0.001498394307309606
0.009393676769324826
0.005105386432955293
0.009022202768411909
2.7148e-14
0.0937573344916957
0.0
0.8102853027234617
0.007844873416332143
